-8.726008415222168 0.2337525635957718
5.402884483337402 6.784858703613281
10.883889198303223 -1.0694971084594727
-8.97535228729248 -0.15362930297851562
5.280753135681152 6.690643310546875
10.089395523071289 -0.6491665244102478
-44.75944519042969 10.345233917236328 -35.89933776855469
28.515670776367188 -72.62142944335938 127.4122085571289
-49.86893844604492 -49.129669189453125 10.825617790222168
21.999820709228516 -17.897321701049805 -215.8077850341797
237.52577209472656 335.79638671875 258.03399658203125
57.94137191772461 -119.61478424072266 -43.31077194213867
-21.71782684326172 -208.0743408203125 266.7276611328125
164.96900939941406 35.7448844909668 115.05946350097656
-97.00331115722656 -82.56185913085938 119.14836883544922
